[savedsearches/test_icmp_ping_alert]
version = 9.4.2
modtime = 1747659980.141823000

[savedsearches/TrustScoreReduction_AttackAttempts]
version = 9.4.2
modtime = 1747771375.185698000
