[savedsearches/TrustReputation-Increase]
version = 9.4.2
modtime = 1748983990.297895000

[savedsearches/PortScanning-HighRate-Detection]
version = 9.4.2
modtime = 1749134311.095633000

[savedsearches/Non-Working-Hours-Detection-More-Than-10-IPs]
version = 9.4.3
modtime = 1749215701.008135000
